1,-1.2514979790739091
1.15,-0.5996071109293132
1.3199999999999998,-0.3262491155864343
1.39,0.18528019247560001
1.5099999999999998,0.9729407286499232
1.63,1.176195635092533
1.7599999999999998,1.4357777078180174
1.8399999999999999,1.1303141753906139
1.93,1.2312042195908113
1.95,1.5654084960803396
2.08,1.8600645169032288
2.15,1.717888961082045
2.27,2.352337561687191
2.31,2.034270485726
2.48,2.3150515065896746
2.67,2.4881319072554864
2.77,2.2388233090303773
2.78,2.864657938505319
2.9,2.135470587431895
2.9699999999999998,2.1127111071148907
3.05,2.5614912277380295
3.05,2.8033836158944943
3.09,2.7597048188306417
3.1599999999999997,2.3068010279013
3.2499999999999996,2.76265408502406
3.3399999999999994,2.8728408269921237
3.3999999999999995,2.1726057017287896
3.4899999999999993,2.350272814913218
3.4899999999999993,2.1189628450851576
3.5699999999999994,2.8592380440863825
3.5699999999999994,1.9759226553821834
3.599999999999999,2.383769513393638
3.789999999999999,2.742017093769
3.939999999999999,1.9945294435486574
4.059999999999999,2.0309102314850227
4.059999999999999,2.1319547358166906
4.239999999999998,1.9791186420811593
4.389999999999999,2.040235720198909
4.389999999999999,2.067248763583775
4.549999999999999,1.9306160060933693
4.659999999999999,1.7065608536077912
4.789999999999999,1.207565095065204
4.909999999999999,1.0929789666024547
4.999999999999999,1.3933340207520084
4.999999999999999,0.8052310598404767
5.059999999999999,0.7969599327333972
5.079999999999998,1.4724466156029354
5.179999999999998,1.3820794314357054
5.369999999999998,1.0381114178492763
5.519999999999999,0.6989700334935687
5.629999999999999,0.4890963892789887
5.679999999999999,0.558848585040348
5.8199999999999985,-0.13282022089818235
5.839999999999998,-0.3594746866288709
5.959999999999998,0.3633648233228203
6.079999999999998,-0.010559039484356547
6.169999999999998,0.07752152075241148
6.289999999999998,-0.20198823355692996
6.459999999999998,-0.4096508512908631
6.639999999999998,-0.24332227447701715
6.7399999999999975,-0.7682528287673573
6.799999999999997,-0.9880450940865144
6.919999999999997,-0.839372051261802
7.109999999999998,-1.0323407467592869
7.169999999999997,-1.1994141396611293
7.229999999999997,-0.6083814435892362
7.389999999999997,-0.8425946875807576
7.449999999999997,-0.36153902670432625
7.479999999999997,-0.3565733168746277
7.4999999999999964,-1.0247945816369808
7.6199999999999966,-0.6132353092189565
7.669999999999996,-0.7140174313648339
7.759999999999996,-0.8548212207561097
7.889999999999996,-0.4491715222336028
8.059999999999997,-0.21970488863182003
8.149999999999997,-0.2871034832979512
8.219999999999997,-0.360005885244994
8.329999999999997,0.03342564862072184
8.379999999999997,0.33946524817743734
8.419999999999996,0.6513200971808311
8.499999999999996,0.31648063647193214
8.529999999999996,0.12483924509131603
8.569999999999995,0.9077068911882897
8.729999999999995,0.9153992413663361
8.909999999999995,1.6900014445337226
9.039999999999996,2.3438279119463203
9.079999999999995,1.589701546993831
9.269999999999994,3.1111638213235215
9.349999999999994,3.377621926558548
9.529999999999994,4.209951067035646
9.559999999999993,4.156788045111563
9.679999999999993,4.702322865369929
9.789999999999992,4.850963980612441
9.799999999999992,5.33817606675008
9.879999999999992,5.496003774102436
